9330
8765
4032
2305
4112
3334
282
3911
2572
8509
6977
6444
4259
4635
8783
3416
8653
2668
4731
5368
7311
5338
2264
4024
8166
5878
9665
9207
8503
5832
4468
399
1168
4412
8574
9235
385
5412
261
3260
9206
1493
771
1639
4619
2133
5941
7438
3624
7309
473
8359
4327
1609
9475
4343
3873
1972
628
5631
4183
6458
9483
3407
8372
2248
1519
8157
5405
2023
8806
6900
5010
530
7379
4921
6498
8947
277
8230
8662
5365
9264
8805
2206
2090
6750
3169
7725
4046
9894
4691
2309
1560
9933
2886
9523
9147
6330
17
3390
4213
8079
5448
2714
7232
8172
1874
3498
8487
4415
6615
8057
8171
2766
5869
7646
6711
3468
3517
9809
8786
2848
2531
1542
9900
623
4100
1810
1365
5836
2814
6192
3849
4545
5142
3802
9312
1752
6162
4403
1222
4687
9564
9041
9004
7002
6564
5930
6166
9745
6346
3455
8475
1965
3509
7968
3310
2099
4439
5019
9964
1305
7094
2962
2056
1767
7830
6317
7995
8624
1187
2554
1416
5923
3842
6864
3895
4231
5838
9807
6714
8133
5851
479
4387
1079
6356
1148
3197
7283
3377
2437
5986
8134
6806
2408
9782
8652
8296
2925
7631
5877
5713
3404
6493
2646
2928
5828
1451
4176
5427
5982
7152
9772
1629
8676
3153
1958
7282
3632
1013
6871
3852
8122
6466
9005
1350
446
570
3386
7925
7531
8727
8740
2255
6786
3781
4808
4997
697
3190
642
2873
1536
2108
46
7997
3605
7048
8460
1394
3937
683
3389
9993
9300
5026
3017
562
3272
5897
9076
9913
3130
1911
2965
9715
9285
4508
5998
7391
7414
1126
7678
2864
5492
1502
1038
1841
5525
1847
9329
285
6332
1425
8644
2451
7690
2412
3576
5062
3069
4838
3292
6112
9854
8636
4966
2106
1147
3741
59
684
9062
3587
8414
9637
5295
7786
9871
4297
6937
4767
4519
5216
7169
5014
4104
8779
9551
9830
9535
5440
1415
8832
1231
3322
9737
9045
5745
6443
8919
6931
4461
955
9763
9160
7987
4444
9828
4522
2920
6569
805
5855
5531
6424
3529
7682
1260
1008
401
3159
1801
4257
638
4818
4684
1786
9432
9495
5940
2321
50
327
6265
1855
8593
2628
9279
637
3448
9759
5879
4597
3669
5700
3300
5927
8129
2010
9010
1119
9666
2370
6566
5687
9130
9806
8577
5475
7964
4721
7113
7135
3514
3853
8890
7774
5803
5070
3815
229
3504
9028
146
6292
7208
3988
8106
1437
707
7779
5510
9667
3791
3746
1554
4028
2257
7289
332
2363
3720
4083
7105
5728
2438
9770
6525
8074
400
7659
5205
5997
2254
7941
3212
3991
7755
6129
5048
5249
839
7378
3355
2111
8760
3589
1514
6357
2914
7222
5160
9743
6678
971
5175
6095
2349
4612
2185
3753
7161
4089
5949
3290
3573
7432
5432
6606
1106
7473
2968
7417
1518
2938
2604
2880
5985
9557
4605
519
1853
4581
9901
8063
5325
8814
8745
8995
9163
8099
4718
8847
3117
5601
2892
693
8804
7506
4452
5761
7269
5604
1883
509
8061
414
765
7835
1238
4331
7977
2763
1596
8350
9924
9224
6866
3692
7487
7495
9801
4316
4698
1383
7040
905
803
9013
9408
6821
8361
1604
3501
6693
1673
1585
2636
1885
5591
2217
2126
2362
2556
4738
5734
7384
9469
515
2640
2119
8055
5638
3681
3103
368
6739
9143
5888
2693
4860
3545
1974
5670
1141
4854
4303
8105
3147
5159
7375
4864
5863
5245
7147
8449
5319
5349
2432
9872
7300
9851
6642
4847
2883
7649
7596
6838
6054
7006
8815
7663
5633
2236
3552
9038
8051
7990
9164
2489
3170
1376
8468
1565
3882
9307
8580
5539
2635
1649
1381
1715
9773
9785
8558
1848
3583
1067
5493
3074
2140
9040
9364
2271
2276
8138
6496
5050
8215
2482
3006
9267
759
8409
5254
5995
2161
4082
5446
5403
2470
3783
3206
8141
2808
2190
5206
8639
319
8592
118
4821
8712
2167
3309
3415
5210
4810
2876
8583
1744
662
1380
6454
4286
4070
2621
7747
6541
6156
6452
1488
1713
443
7923
8965
5914
770
5459
6537
7670
4604
1002
8931
7849
8423
7134
9106
291
9616
4799
7195
6308
4138
2673
8142
4555
4613
2183
661
1926
3119
9
5573
6230
9249
7728
8536
7315
6247
9310
7076
9209
6101
54
234
3620
704
9111
784
223
900
1003
3596
1367
8026
1085
6341
6515
8128
5708
5852
6450
1341
4908
9490
5964
4686
690
4137
3580
7937
3958
9370
1227
8017
2855
7055
7695
6816
5025
9114
597
425
4713
7476
8796
6457
4758
8936
1858
5966
1388
8014
9431
5140
347
1411
7464
1779
3689
9511
7724
8077
7529
2879
9295
1438
2205
1130
3717
1970
6297
6972
7332
1552
66
7512
511
9389
8553
8525
4558
2743
2789
8344
9521
625
153
5729
200
1454
9426
1031
6942
5060
4615
2296
1503
6793
9422
6401
1366
6268
8699
3137
1963
4930
2740
8650
3609
1095
5597
9554
6019
4011
651
6908
435
2532
8655
2751
9376
188
2827
7337
5049
9254
2095
779
4425
5341
9787
251
4617
5543
1068
9798
2015
4882
9507
6636
9222
2685
5777
6996
3228
7960
8640
8182
6639
968
6984
2657
2036
1175
8739
4637
9979
9952
7254
2209
9256
6934
2070
2467
389
3899
9174
2535
5346
8782
3969
3674
7608
8428
5821
9394
1348
3015
1164
4512
2703
2195
3070
8243
4424
910
217
1819
2769
962
6260
3198
7621
2420
8954
5174
8719
4021
3758
199
6200
8429
8642
7021
1396
4324
8773
6549
8964
7605
7948
5234
9799
8473
6779
8985
3889
3372
143
9009
1470
4233
9001
112
3742
7901
1418
477
6285
8930
885
5681
4910
3426
7758
581
4390
298
9575
9237
4614
3050
853
8263
7804
2933
6492
8246
7516
8571
3352
3218
9501
6832
445
101
7139
4193
3976
3004
4150
8009
6453
4662
6291
6516
5095
338
3832
3273
2967
9347
7039
3419
958
483
7836
259
3665
1953
982
302
5430
9843
4262
6599
5954
3122
3844
6545
5045
2229
7225
6631
9031
4404
6748
9309
9471
812
5824
6893
3536
4774
1521
2307
1224
8775
4118
8174
9879
9331
4534
4946
7437
5568
4227
7573
8290
5277
6220
4053
1359
2653
8735
1182
3668
9451
6954
2583
9033
9139
9890
6758
9000
8904
7750
7810
6953
2129
2931
5593
5936
2150
5109
578
9496
7668
5101
2144
2712
6436
6895
5831
1538
2220
8222
8151
6949
8849
8096
6329
307
505
339
7500
3063
7801
4764
4546
858
171
2622
2720
6945
1732
2662
2201
1181
9597
8928
7119
5202
8293
8125
4628
6409
5080
7854
5309
8292
7234
1287
831
5347
6679
7981
9126
6744
1055
7956
9929
500
3367
3641
9266
1152
5872
940
1005
7558
1748
9767
2117
2924
252
8746
8767
4101
4701
2670
5116
6807
3045
9290
4885
2600
9635
4798
8438
465
5867
9962
3162
5345
5343
2750
6810
9238
667
5808
6735
3653
5190
8088
7250
2413
8135
5167
4446
8351
2547
8323
4114
9675
1648
3512
1407
7553
5590
7973
7189
5091
8736
4048
9682
7025
8908
3188
210
8518
6382
8565
9120
3275
1686
1180
5092
914
2085
4410
7082
3957
2733
7374
9429
1867
8807
2899
4771
7947
6128
3705
1743
2961
1714
4506
2065
3318
9824
7056
9341
9908
1962
607
5044
2422
571
5491
1135
7907
6885
1018
2424
5292
2934
3496
5059
7800
3597
790
3644
7198
8742
8318
1802
3312
1512
9599
9808
2160
4685
3373
5071
1100
1303
5385
4087
2178
6621
6448
4565
2419
4001
7493
9072
7410
2247
6208
5354
2012
4077
6261
2603
9649
3362
5131
287
6157
7843
2867
5214
5055
4066
2802
4272
4809
9337
8232
502
2786
9494
6646
1918
3237
226
5990
1004
6812
4489
6290
4280
8322
6289
2588
1898
5673
3797
222
5870
9296
6428
5547
5079
6708
6353
4543
8946
1753
7509
1233
1944
5087
7534
4800
3030
3112
2414
681
8539
6177
549
3034
8412
3499
7466
3392
774
939
8114
4487
7397
3773
3929
1555
1504
4734
9292
3052
3158
2997
8787
1759
8425
8177
1431
7452
5853
8526
3735
4287
1735
5929
379
7032
2697
6377
8657
453
9727
3324
133
6447
7364
1088
665
9970
5595
6338
6519
1176
5413
6946
4392
9365
5620
5668
2348
9658
1408
1241
6585
7878
3128
7667
1401
2366
8205
1690
6843
1992
928
7756
1010
7063
2521
1631
9239
8665
657
3856
2465
1770
1551
881
9559
3401
7172
9591
9105
5689
8332
5402
5155
5680
7757
671
8627
3530
953
2250
5798
1590
3685
1344
2395
6966
7936
3629
9481
4836
6944
157
7545
3782
2050
2383
632
7237
5645
6441
463
2972
9897
725
3850
2282
4338
8772
6416
7448
2523
948
5184
8069
5237
932
7733
7325
7499
8343
923
4484
9323
2268
4571
7490
4852
7568
7294
4027
4954
7174
9991
1881
9492
1667
3454
3740
8816
7561
5532
3967
8112
4647
9367
9519
3293
3918
2025
3031
1360
646
4198
3185
3387
7619
183
1076
9136
7802
1949
7513
3043
595
7518
8203
49
1641
2051
6021
4219
2211
6151
9201
6113
8941
2328
6567
517
5835
9598
9208
3762
4652
3460
4018
2284
5281
7908
8938
1571
2486
7803
7579
1669
2514
34
5625
370
3807
7736
8802
1153
1335
7713
4349
5698
2940
4217
3675
3316
3912
1414
4436
6191
6169
2919
4309
4654
8548
4319
2885
6286
2356
4693
740
2318
9850
8567
5570
7664
6686
5457
5029
7121
2045
9109
6408
7029
9390
5183
6130
2510
3600
6073
3679
6664
3599
6237
82
8551
4710
6119
9536
1680
9146
9274
436
8858
626
9261
1930
3747
1358
2989
3282
5367
558
6522
8812
6553
9063
8387
6603
5814
6310
8852
8042
6889
9129
7748
8881
4352
6088
6507
1327
2123
7276
4124
32
7370
4907
7015
2847
2658
394
2664
4832
9628
4141
4945
9073
4054
9152
8500
5915
2093
6578
1371
8918
8859
4398
7486
7807
8452
9998
7834
3457
6528
2155
9607
5088
8391
8581
429
1854
3776
7190
9486
8827
8213
342
6465
2870
6640
458
7776
4005
7517
976
5084
6282
9112
9294
4871
4221
267
8718
4335
4804
410
7696
5467
9609
2778
3232
844
308
1000
8445
2102
1056
2803
811
7541
7423
7795
6085
8678
1828
9265
3616
6718
4469
8794
9849
7000
7104
3195
3701
4601
3458
7088
2198
8033
3285
5581
9569
7826
8110
5255
8704
440
9242
8925
3332
6030
1252
6412
4465
9319
3157
173
7657
1001
3943
3694
7488
4728
9324
5121
4911
1539
4435
3155
9947
8959
2553
7922
2649
2983
8329
5340
1892
8698
7515
5482
3347
2404
5585
7602
7565
921
7708
5113
5662
6432
4413
1782
3351
1338
6625
1098
4025
8244
4760
654
1293
1118
2806
3984
8433
364
3745
4449
5361
2127
2641
4940
1875
7624
7850
5939
4992
6974
2717
7266
6462
1166
3851
7247
4464
9860
9623
655
6210
5999
7322
1513
8501
7887
8572
3287
3428
6097
575
2468
9755
8148
7418
1959
6698
2846
1909
4353
536
1044
1717
711
2181
137
1676
8264
4980
8777
7079
7120
1420
7593
775
6521
7863
3796
328
2754
8193
4529
4553
3482
4313
6717
8089
2856
5512
3712
8277
7975
6868
5011
2405
3047
9306
3979
7723
8060
4732
2637
3413
8091
1330
4269
148
9406
676
5519
4586
9322
7984
1646
247
2434
3559
9128
6543
859
861
706
4250
1789
1588
6032
4109
917
7524
2868
4163
3462
5540
496
8209
9195
7913
586
9880
9085
9932
652
6425
8672
6296
5187
6859
3528
8208
4729
6983
9191
1036
2922
1024
1023
7368
1015
3872
5710
4255
8523
7331
2049
6869
3487
8540
2110
492
1210
3441
5537
3531
4865
9986
7625
3116
5352
3023
7461
4969
4972
4530
9416
2092
358
4365
7443
9171
2158
7302
4448
6096
2354
8109
5706
6738
1343
8517
7535
1196
7860
6752
7798
7050
893
600
7359
7926
4091
5963
4494
8260
1923
4039
6107
9724
9632
3686
350
1156
5580
5052
8053
9710
8695
9967
6355
8397
1997
9668
9446
5250
1296
6240
4158
2120
5208
8424
9103
9396
4739
5490
4376
6933
887
798
2722
3707
9459
9965
8206
7809
1882
896
3214
5933
6538
1591
2440
7482
2921
1201
7833
5524
2599
195
3831
5418
6327
5181
9673
3649
7179
3723
7858
5097
8218
4015
3274
317
2164
2478
3617
2345
8137
883
2966
6395
1566
778
9766
6276
541
2900
2578
421
6680
7686
1482
6384
1261
4143
8545
7492
7927
6726
3930
472
9835
471
8002
2631
8649
4976
4743
622
8714
130
2574
8008
2034
4503
5682
545
485
3115
493
2975
5799
8007
2332
4129
9696
552
2991
5330
4602
1994
2274
1445
9082
5666
8626
3308
4346
6295
3621
5144
4827
5384
7026
4902
6414
4187
1764
2200
3569
8853
8661
7362
5103
1487
7141
1593
3493
2375
5223
1272
8432
6087
1395
7629
2911
3903
3490
1253
3328
5837
2985
757
8755
9374
3787
1450
2605
9937
7207
7491
5650
7306
3299
5136
2115
4330
5822
7083
5104
5284
9392
7745
5477
5004
8217
7942
1628
7609
4067
2749
4224
744
8687
9401
6429
7875
1286
303
7441
4807
2173
3007
1492
3510
427
8039
2990
4541
4296
5307
1500
6540
3220
933
7357
1935
9259
4695
729
6398
5694
5241
634
1103
4014
7924
4344
7268
4394
1301
8813
7071
6592
3602
8496
9291
876
7945
8924
2508
4033
8178
6074
5334
3078
4979
9719
1894
1584
5485
7777
1793
100
4962
7298
4135
760
4274
9388
5220
8268
670
8914
6170
9149
6350
6449
1890
1028
1973
3369
4310
7052
8992
1674
3039
1419
4539
6275
1647
2069
7348
5199
5786
7467
4956
9600
2340
2930
4933
3893
6115
3606
8856
6956
9091
2594
9350
1821
2295
4671
6511
3834
2454
3825
3335
3757
1421
9315
9064
6313
6558
6683
1624
7154
2094
8356
8272
5143
4607
5741
8761
6747
5839
7971
382
3060
2536
804
624
9796
1544
1452
4256
7341
3822
7592
2179
2227
3755
158
265
2819
4044
9011
374
9615
5072
3810
3243
5971
8894
1824
3492
8594
4321
3388
5608
8131
2474
2046
3887
3433
3391
9055
52
788
8543
5434
343
3875
8162
6760
4177
2044
7546
262
5024
7101
9946
4544
5505
5587
9700
8385
3443
7440
9811
6656
7144
3775
488
8839
3002
9812
1090
1945
8287
5730
3268
6887
7204
9895
3846
2811
482
959
1508
5972
2994
9229
5125
2579
9971
7412
5535
8633
8510
4093
8614
5035
1603
3965
4715
4363
7946
1262
9204
6437
8430
5331
120
2055
7474
7406
8184
7261
8196
1621
2562
872
7163
6069
3370
5663
510
7749
8119
9820
1221
3059
6840
79
5462
3992
5889
1362
160
9712
6222
3427
833
7351
7264
3298
1850
848
9447
1893
5693
2987
2290
2064
7738
7868
3780
378
1433
8623
7768
1033
5613
6891
5757
4507
36
4325
978
2652
392
8038
1251
5752
6766
7972
3241
7825
7070
7909
3271
2411
365
6188
6461
1475
3100
3998
7654
3425
8646
8044
836
5565
4401
4277
1117
2620
8280
6875
3754
5582
688
5168
8035
3145
1507
5609
1533
4874
5508
3314
9162
7072
5810
9994
1846
3667
3396
8340
7203
7013
242
3099
205
8838
4337
2331
8511
7994
6280
741
4988
4621
7872
225
9510
2477
8302
393
556
1412
8630
2507
1878
1880
6509
7456
9768
5366
4063
6531
7363
8004
3950
140
431
6582
5074
5795
1316
417
9840
2633
3790
3423
8025
8345
1155
1895
9240
4223
9153
8214
311
4905
3532
1861
9189
8000
4382
9384
1788
1304
7526
9550
9154
9148
8020
3554
2630
2471
5969
5652
7044
5557
5886
9744
2639
8402
9066
5105
8032
5721
7180
4694
9252
615
6272
937
8533
8087
9716
8403
4238
7522
4828
6819
2027
5646
9817
3749
7598
5911
682
7220
8834
4389
5332
9371
8221
6181
3259
9592
2330
3267
9225
5030
4159
9624
4653
4960
8888
1868
75
9328
5229
9197
9336
7422
3879
3945
408
8199
840
5005
4328
3294
8643
2273
3744
8048
3693
4239
2805
9560
7780
3464
1940
111
7350
2775
3928
7177
7326
6059
8273
8671
14
6302
3226
9427
819
6004
4717
4791
5988
4226
6415
4634
6165
9555
7919
6027
7753
6645
2738
9543
95
9012
8575
5511
9104
4521
6320
107
7711
1121
7563
846
789
6477
8090
3125
3691
8065
512
7857
6281
1983
6638
8388
3867
1391
8659
1626
5138
1754
4482
7451
3690
5126
2153
8733
1800
1111
8146
7739
3283
5603
4450
9558
1158
8664
9023
4497
3192
6781
5579
6980
6270
4624
7100
9190
9124
9497
3870
2978
2699
8758
9930
8252
1390
9520
356
2537
4236
9027
5796
4780
203
6506
3601
6375
126
5470
4485
8093
3523
1532
8570
3772
1954
4856
4696
9168
5655
7844
7567
9563
7366
964
8394
9513
1203
2927
9748
2577
4609
8011
1075
913
4267
7998
7799
8939
4304
7320
8175
5874
4291
1240
2446
5328
4276
6046
7471
214
7244
8115
9857
2202
6203
1921
2534
3897
8204
5164
9332
4254
5616
6221
820
7285
751
2052
9542
4886
179
8681
6047
5083
7421
9690
1774
6086
990
243
5396
383
3561
8791
1174
1112
5172
3056
4968
8872
4244
1721
3009
2089
3172
6142
8631
1747
6023
888
92
5327
7387
2882
5607
1392
9375
540
1489
4205
9452
363
2230
7149
1912
9378
6588
9348
8647
9943
1928
6749
3524
1471
5417
3344
3248
2684
5556
7193
2218
2690
4554
6061
4994
2680
1447
677
5989
879
1309
8651
5001
457
2326
6474
1257
674
6710
7570
7248
6029
9870
97
9068
1510
9580
7206
288
3671
7130
8392
6874
7211
6970
5731
5562
5078
7542
6394
9502
5719
956
8484
8282
6460
274
9832
1873
7420
1021
433
2569
3777
4307
3019
5152
4889
1485
8857
3394
257
3518
44
567
2729
2832
2485
4822
2337
1113
4769
1871
6269
8457
514
5994
4179
316
1339
5902
5785
4019
1065
8427
746
7980
1961
1498
938
9007
1331
2312
8202
8331
8450
518
8948
8635
8708
5705
7503
7197
2216
7463
6745
2068
1908
9500
6233
9709
1400
2756
6390
8095
9892
8937
6630
6939
1516
1218
7124
3349
6328
7241
8585
6742
8542
41
9845
4958
7894
178
9099
5431
7317
991
9505
6337
5977
7679
6303
4649
3040
5006
9477
3833
6206
3033
3037
5182
3452
9581
1700
182
9540
1144
8410
9043
4982
678
7580
2072
3358
6775
6925
5377
6216
4240
8145
6909
7118
8066
5742
8871
3506
4009
6833
6757
7815
6174
1053
553
1355
116
4211
9841
4119
6309
1527
8235
7888
3061
5000
2293
1162
6608
8696
1722
7983
2524
8920
68
4748
6927
6804
8743
7885
5871
8573
2602
5841
8389
975
769
7295
1687
2829
9217
5934
9425
3907
5211
1866
9741
7151
521
5257
8401
9047
590
2334
5739
2350
6215
1904
9919
9902
9472
954
4463
6918
35
2977
4777
8121
4510
2913
8132
7489
3748
72
6743
8702
7770
7974
2939
9404
1096
294
1099
4989
9826
8499
649
6605
1640
1208
7982
1361
4938
6118
2511
1256
7342
2353
3963
6880
7108
9999
5426
7839
2959
2463
2988
9692
2441
4866
2757
4332
2191
2294
9059
6373
2351
6274
4367
3319
8379
5740
5051
2522
6811
723
8822
1443
6877
7416
1851
3650
9335
4578
8419
4072
2013
181
9980
9287
249
2782
7797
9578
4591
892
6924
4350
3191
5509
9699
3839
901
4548
7167
9102
8728
7743
202
6586
2585
8120
6763
7871
6218
2580
4393
5658
275
3337
5756
3648
175
5169
6421
1064
8824
527
5782
6912
579
7566
9145
1785
4471
5546
2795
9233
6048
9834
4427
605
9948
5953
271
2042
3042
330
8994
3818
5747
7842
2719
3422
599
3368
4234
718
9885
7333
5046
9359
1386
2369
1936
8865
5627
4675
7698
7701
7585
8474
6335
9137
4115
6246
849
6011
9940
4069
7458
4134
2406
5304
5738
7505
4509
7484
5875
1167
5302
2894
3263
5784
997
758
9051
8586
335
4434
4200
9786
8186
2595
3036
8516
1661
5293
7767
6778
2794
1473
5910
7685
3062
8891
1326
7931
1497
9092
9093
2336
8715
8870
7527
7944
5389
7591
6277
6737
8305
1329
8173
4340
7604
4646
9379
2403
6077
9424
7674
3202
9647
6756
1749
7650
8868
6406
7312
4151
6897
9595
8875
7548
9531
6720
7648
1524
2242
7610
1039
4703
8489
8817
6828
8159
9219
1205
2730
1598
1746
6577
6167
8194
6795
6147
5674
1592
3321
268
4498
5391
5789
5679
1429
9096
5321
986
1110
5621
4252
2707
7156
7665
2159
6882
6076
8258
9917
122
5723
3836
3051
6266
5278
5232
7976
7132
7210
1623
3266
3951
5170
2955
6244
6175
8308
644
4789
4488
2298
300
5975
5958
6234
1
1630
3970
8147
9617
3193
6201
2172
574
7818
353
3142
1546
6358
5130
5086
8683
7049
1186
5287
4208
3927
8611
2430
5866
321
6903
7588
7583
3996
1014
1217
376
5056
3326
9305
6560
2062
4356
2969
7010
9245
8679
4656
4099
3909
3073
7087
1929
4266
5137
9988
4677
7459
2790
9938
8342
5134
9837
6952
1688
6127
6364
4057
7599
5305
6433
4922
9548
7660
5488
6721
4983
738
4278
9391
855
2908
7550
3054
7019
7873
9927
8454
1062
2503
1995
1089
7502
5684
1771
1831
7062
3508
6780
996
8836
5912
1587
5118
13
5515
1684
7640
6643
8152
320
4064
7528
9859
1501
7281
7819
3127
9774
6539
1578
6830
220
3557
7092
1239
7874
3289
6263
9858
8347
5258
1413
6660
1679
5222
2923
1070
4133
4368
5415
3634
1602
6300
8476
9701
687
3588
2815
8958
2627
4206
2529
6058
8803
1766
6321
444
1794
1811
4192
1724
6697
6473
1422
1319
7395
9480
4951
6360
544
9263
2663
8354
93
5420
4364
8654
7435
4556
610
4146
2739
699
7762
5496
7700
1613
8034
64
5262
2725
8179
1859
660
3219
9570
8466
6557
8913
8770
1761
8465
4793
9750
6628
9278
993
145
5648
2084
5588
3363
1109
3637
3436
4477
4805
5754
7335
1083
3704
78
1615
3111
1081
5471
3553
7472
5238
6202
1105
4180
5314
5758
81
1017
4372
9308
9640
6304
5428
5702
5433
5386
7280
576
832
6121
6001
2193
1193
9144
8316
5602
5594
5483
9368
7720
5816
9529
9574
2388
4727
867
1337
7240
8281
9648
7194
5364
6961
2234
128
3082
3072
3307
4520
1986
8795
2304
3497
608
2555
4000
9121
6066
119
362
9518
8720
386
9775
8301
1916
2428
3151
6279
4913
6209
7146
9281
8686
4639
6109
9271
3766
1093
212
2704
1947
994
9268
1469
8590
1562
9593
7731
2313
4559
2617
4454
7837
2842
8974
1816
416
5463
1709
9070
8587
8591
6607
8596
2105
9920
5
7661
7788
9022
4386
4947
8864
61
9634
9506
91
8307
5266
6252
7781
782
5480
5442
264
4384
5950
3485
6427
1298
658
2269
2134
8160
3176
6835
4370
4661
9491
6968
8447
8013
795
9489
7205
4513
3890
7652
7581
8456
6318
1302
4218
5898
3702
2431
9539
9790
5567
9626
890
5817
5968
7043
2618
6565
7004
8933
1708
9192
5578
9660
6311
6025
7142
9957
7959
9442
4999
2591
1870
4535
1423
7361
8156
5514
884
7012
712
5916
7122
2067
1050
3604
8380
6488
3471
4786
2768
53
7559
7192
7291
7457
5017
487
4333
9611
2765
9078
1323
8730
4016
1030
4533
1190
1836
235
9839
4932
4699
6214
331
2948
3065
272
7407
5794
7764
8966
2400
6111
3354
2872
7
4458
2981
5653
8498
7616
755
860
4295
3651
5976
9150
6078
7008
2728
3896
824
426
9781
4975
4779
7969
8524
650
3186
8376
1863
6563
4820
438
7426
6700
4447
4265
8716
9618
705
8390
8143
5180
3955
7951
5561
4896
8788
8288
9582
6854
218
7046
2818
3728
2645
823
7992
2665
447
4557
8399
8251
9482
9395
1285
6728
204
387
1311
7424
1384
6102
8219
3824
9711
9227
1758
7759
5398
6589
4168
4059
2660
3018
3398
9284
7103
643
6652
2679
3079
6622
8195
6008
6106
9108
903
1693
1580
5829
6886
5549
1769
749
4013
4154
2648
6138
4917
6733
5830
4085
1922
6753
7866
2030
7030
9804
6998
481
7726
1924
6848
7623
847
15
3904
1608
5951
9095
573
419
9065
4010
5660
8306
2391
6049
8673
4246
2228
9127
1097
4007
7267
6524
8976
6150
5596
8953
2396
2109
5393
5534
4145
7239
9674
1750
7954
4595
7989
856
7131
2280
5619
9663
8506
2558
8874
2502
9524
7159
2706
1274
8185
7238
522
6719
6769
3071
4673
8149
9585
2139
9717
5918
1815
8154
9468
3733
7229
9984
6161
7355
9122
2439
9221
745
8912
1041
8275
1760
3718
9514
1751
886
4194
7400
6917
2143
2407
2619
6479
3738
3276
2081
6314
2626
3708
2232
5217
550
9262
4834
9509
2073
2897
3977
6707
4648
4171
8776
8231
8223
9708
2836
6896
5553
4782
3502
7279
2929
9752
3026
7274
5520
7611
7718
190
9032
8762
1742
3444
1474
4622
3709
5407
7574
5075
9412
9414
4642
7806
925
6504
8192
6484
7020
9363
2443
6110
315
8608
6057
10
6910
6673
2382
5376
8393
8999
2656
6616
8531
7257
5563
1730
4806
8259
6611
1685
2410
3381
7388
9643
5178
7958
6207
5259
4136
8741
7111
9369
1042
4073
3141
3881
3134
9633
6334
8556
4175
1620
5762
6152
6255
8732
3857
3200
2088
1248
7881
1956
5454
4075
4195
6471
6173
2792
1651
9887
4125
5149
5099
5317
3952
6512
7626
2449
1891
5094
1818
8850
5411
7243
5797
2461
6554
2561
9990
8443
557
2571
7069
9751
5154
460
5147
4247
7319
781
7537
6847
6093
5691
8001
3278
6164
9713
7007
1837
6212
1069
5236
5230
951
2079
8916
6755
2587
5987
1969
2445
7571
2249
6860
102
6981
9430
2137
5825
6921
4348
3868
3376
8682
5392
3359
6704
3636
8229
1399
3201
5128
412
2028
1084
8771
6675
3418
2686
336
4788
8
8680
4207
7847
4985
6602
1377
4536
2632
5435
680
2103
1232
9386
6376
2688
8882
1812
5518
7199
3238
7085
8950
2871
7316
9934
3488
4437
3908
2548
6312
4926
5605
4263
720
9627
1372
7334
2114
56
2061
981
3025
5380
3803
4794
8774
538
3437
3861
8840
5466
322
2462
4092
5550
7001
1307
7170
4712
5481
756
9458
2851
6091
7307
9024
248
2573
1991
4881
6183
9172
6513
4915
6982
6053
1737
3947
9042
6542
8250
6387
403
7590
6031
2727
2964
6383
2004
1568
8370
4230
1971
3864
3013
5133
1491
8102
9941
2592
9827
5974
2860
8886
2893
2850
793
5769
984
8764
9443
2124
2784
3584
7897
6727
2787
2097
6256
4237
1397
1729
1185
6905
167
4844
7155
4378
45
5846
6957
3598
6709
3811
5649
9688
6486
4423
2858
1145
7662
7226
5066
3888
7014
3375
7702
7296
3270
4632
5194
3885
9044
8187
2540
1025
5854
6467
2549
1654
5675
3446
5226
4481
9339
3124
9231
5572
6677
5264
7511
6037
8440
4849
869
4812
7165
7613
2265
2734
9577
5722
4339
8458
7627
3595
3020
4360
7647
3087
7449
6184
9349
1927
6765
5132
648
6857
1736
894
3858
4383
6258
1725
7889
3949
7235
3843
6349
1833
4271
7677
5967
9823
7673
4846
2275
1545
9248
2009
3262
3168
2154
7314
8297
8889
9441
51
2982
2791
5148
7184
4079
4062
983
2852
8666
3546
4241
569
5755
9651
5326
1718
5984
7898
9182
1476
9298
4741
6189
9037
4582
7209
1814
8082
7883
4707
8867
9613
6459
7398
150
2435
5421
1379
7005
5560
9211
3847
283
5416
6777
5122
2711
4742
6923
8530
5353
1768
8490
2184
7126
6365
1435
2715
525
3779
5110
9910
3645
3336
7805
9589
8368
6071
5751
6618
8835
5082
3258
2709
1984
7356
3611
6844
6495
7125
7075
4978
8879
296
2038
1528
4766
8532
7074
1258
6971
4496
1022
2365
1230
9533
5907
22
7859
5677
9747
5806
8094
3860
1312
4456
5778
8821
6841
8167
312
1526
4385
9141
6198
2731
9498
6090
1091
6038
5423
703
5697
4110
3003
2333
6596
8721
292
4811
9493
7862
9562
1410
1177
7761
6865
1427
7112
1550
6593
1964
4984
7911
6913
4443
1896
3207
3378
7632
8019
8023
2764
8978
9346
5124
9868
3131
2302
3764
4825
1297
6574
6193
1650
293
5002
2629
5308
8098
9942
2452
4630
9151
2260
4515
8527
9293
2979
2335
371
6650
1763
5733
1151
2742
8620
4428
6890
2726
3932
2828
7338
7369
6125
9803
3547
7600
5919
9864
9955
8197
3906
7278
9764
8668
3959
7551
6550
8279
5179
470
2821
4116
3821
6267
9135
3830
1387
1124
6105
6734
4580
2835
2427
4890
5027
9544
1914
1378
7386
7330
3371
1073
4140
9166
1835
5569
8326
8076
1046
7214
3884
8711
4562
4939
656
3213
1154
4210
8404
5395
8588
9464
898
6674
3136
8420
520
3255
1589
9098
3577
3466
837
4761
2675
1699
9982
3223
6520
489
19
1197
1467
2601
4965
4130
4251
8111
9504
2499
1692
797
772
1442
3971
9445
9922
9995
6654
6340
9819
9553
9541
6685
7392
4592
8446
4593
4381
8241
4719
4144
3440
9358
9969
1444
8768
675
2744
227
5628
8437
3067
8284
4775
9176
5600
3160
5763
6965
9119
325
7485
6676
1996
4432
3475
6370
989
4920
357
1213
6814
9084
3217
6485
7628
6535
1668
3974
2399
3603
9232
9810
5324
5374
796
1236
7688
9289
3646
1952
5881
787
9960
6064
6940
16
2976
5013
7288
3590
5503
3703
8240
5408
469
1540
630
4893
7904
5406
6915
9915
6143
8637
9936
8303
3120
2825
5500
8873
4953
2300
3029
6499
7870
6963
4153
1269
3353
8883
5780
1032
6783
256
2149
3383
6803
7095
6559
1333
2174
7137
9100
96
6573
9654
9015
3058
5981
8451
9655
8952
6104
8944
6171
147
8960
3516
2014
8325
4638
2935
8140
5419
1731
7651
8693
4993
4225
5192
916
7256
3395
6413
1299
4700
6809
3227
1325
6609
4058
8334
587
822
5671
3305
5378
8346
8158
1611
2147
4288
9503
6062
4040
9754
3953
8943
841
98
5228
3878
2761
1244
2779
9676
5651
2932
7270
8515
166
2100
645
1879
857
1643
8568
8996
8358
1987
1310
9186
2323
6796
2421
1825
2723
4784
7439
5303
1146
9702
1691
5156
908
3786
4990
1134
2861
7617
5171
1581
7353
8104
139
3184
5576
9671
5961
164
4400
1457
4884
7212
5823
8961
6547
2450
9485
1826
8660
6551
4347
9060
6581
6767
4173
8191
9583
6518
1057
1446
4003
7808
3643
9142
6396
8439
2212
4
3149
2812
7841
8256
25
7396
7394
4120
1530
6837
4803
5541
420
8940
647
3954
6359
5827
5793
9793
4232
3489
672
2512
8416
5726
5935
8848
7508
2131
2162
213
1207
8384
7582
6666
6103
2156
4071
8486
6583
5244
5753
4524
8926
2021
1756
3891
4329
7321
1951
2570
9838
1012
1665
5764
65
9246
5748
9090
8897
8935
3133
6690
4927
9333
6231
7642
8763
5554
8830
4708
1225
6411
152
7594
113
5612
2311
3183
9327
3789
6888
7385
4111
5267
2385
7953
5139
7433
6236
5117
8383
4047
1250
6325
6483
5076
155
121
8675
9345
9398
6012
1318
7782
3855
1957
5640
8962
5965
6419
6140
2525
4750
7478
2194
5732
6158
7419
3914
1548
3138
5900
7880
452
1656
3795
1195
4188
1468
5297
1125
8549
8566
5464
8634
6863
9167
664
2029
2781
6389
4493
1707
2043
348
5521
6051
2724
7116
3731
141
561
6491
2187
6624
826
3507
3936
4603
8819
8722
7793
5102
337
9603
889
8003
7051
8725
3575
7367
7614
1481
4258
2614
1943
355
7246
33
176
8477
2551
2080
1060
3734
2017
3024
9795
8234
1165
7202
8126
3900
3898
5450
1612
4959
2267
3245
324
7636
9525
1607
4672
7230
2810
8706
5061
8512
4249
4056
1160
3405
6132
3640
4887
3360
6637
5422
8514
5857
3901
9138
9833
2910
7891
8744
1917
9230
5978
3094
1644
1448
1322
5221
9602
5146
6039
6662
4495
3613
2667
1839
187
9537
5108
1931
6331
1998
5460
582
5926
9083
1436
1216
5429
8971
9664
9117
8759
6045
5962
5410
5617
8555
947
6973
5952
7173
73
8863
110
7143
8150
1934
2066
7846
4611
6388
7691
7221
6901
4523
5920
3470
7086
2171
2394
4374
4688
8278
464
3761
8165
4318
6385
5112
9205
6226
7716
4197
9049
9320
2845
5093
2770
7446
7327
1822
8861
4302
1695
6853
6898
3429
1888
5337
4453
4169
6195
7586
8107
4242
189
6872
6836
960
1308
6294
168
4017
8717
7554
6430
7182
5455
3676
7577
8188
8408
3048
9797
6197
4892
6601
7465
341
4105
3550
4867
4185
4855
3150
6884
2001
2270
6604
3229
4749
2071
6590
9255
5290
2033
9528
318
7967
2057
6790
6627
7681
6584
5661
7252
1214
1719
5300
4351
825
686
2306
3774
1576
8491
8713
9669
9400
8349
3750
3356
4616
4026
7053
9909
8709
4314
6635
7587
8692
1981
8685
3361
8554
3941
3962
3935
653
5856
6381
239
4697
5637
2324
5917
6813
6651
4763
5306
8628
9409
2263
503
4041
415
8756
3323
1543
2666
3093
9652
9420
613
5165
3261
3760
5779
727
8677
491
2746
7218
7589
2219
373
7705
695
4869
1242
6307
9856
1219
244
4294
3627
6392
1637
6367
7017
5003
2116
5129
7253
5313
6771
4377
1049
6976
7746
3113
6730
9604
4399
7867
6354
7057
7905
4753
8969
6782
1694
6378
3231
5771
9338
375
6248
2086
7259
929
6822
2417
7415
1200
9698
2426
1357
313
1374
3698
8738
4757
5161
245
9405
1638
6634
6994
8564
4928
3280
9003
9054
2788
4429
2936
7383
2798
6799
3695
7741
9704
7148
334
5804
1672
988
7672
3264
547
9159
9899
4022
710
9639
6527
5781
4631
9703
1798
6659
9214
3939
1941
8327
766
935
6219
3660
2615
2748
8031
106
4831
8117
2901
6715
533
7693
1426
9178
8353
5275
5946
8967
2716
3549
5899
1370
2916
9020
9568
1762
7041
1966
6160
4505
7160
5548
4848
8700
8929
8309
7227
4405
7129
5861
577
230
4973
9393
4918
7297
5012
2793
2483
4573
7929
2898
4669
7081
7930
5629
7157
8018
3759
3612
1862
3652
6740
1267
3397
1840
7022
6232
1670
7687
8480
7501
4645
6224
1681
9223
3249
6278
4550
4817
2613
5922
3571
1080
3806
103
1662
8710
2854
5310
115
4411
9334
1249
1889
9526
404
5788
9250
9161
814
9866
3317
5800
5498
1131
4479
57
1157
2303
6850
807
7228
2887
8298
8108
8887
8289
979
3931
6960
4714
8508
4036
8426
1937
8488
7393
4264
1899
1432
7349
9387
206
9079
9228
2611
2996
6732
1636
7236
4190
6911
1087
2509
5213
413
9641
572
7185
5007
6362
6978
5394
89
8381
8892
3978
5545
8455
9631
3385
258
1515
8481
7864
3520
4598
1642
4528
9918
5400
8262
9646
8737
5813
3812
1594
568
9610
6641
6423
3118
8877
7233
709
4667
6926
276
2320
1520
6672
9949
8360
8321
8274
843
8155
5360
3341
2753
1845
761
4320
7525
9907
2168
851
1864
2342
5840
233
838
9874
9951
461
3257
7329
360
713
8507
5375
6805
873
4745
5736
5090
9216
9019
2945
8977
7704
7917
1345
254
3104
2058
2783
1306
7778
2735
904
1206
2980
5636
799
3763
8169
8552
9101
8398
3684
3956
8170
4583
6319
94
9366
7196
721
2107
6629
3484
4823
3829
3114
3187
1459
1606
3816
3333
6856
2800
4260
3915
3291
6723
874
1671
2286
2226
1280
8793
6154
9473
6533
7785
4298
631
6369
8118
7219
6576
4306
6502
3848
6172
186
5201
8828
1632
5219
5586
2170
411
6975
8942
2721
3225
4843
8237
2130
5474
4640
9731
9678
1209
7766
4778
6556
2607
3339
8029
3046
9881
1199
9187
3414
3430
1462
4776
3726
1884
4289
9916
9421
7861
9286
963
3279
2942
9882
5688
1499
7943
5592
508
3664
88
5285
3835
1803
346
2233
5227
6442
7136
9188
9846
2327
5538
4795
4668
6033
2576
973
539
8103
6100
2222
2708
5676
407
2389
2258
8067
1054
2019
7060
456
4204
942
3126
2381
920
9311
7494
6254
9403
2841
8341
1035
753
3526
5009
8335
6829
4147
71
5672
2022
2074
6022
9686
5098
4587
5476
1741
5058
7251
396
1902
5263
897
9342
5737
9729
4711
6404
4074
6526
1052
5150
6339
326
8238
1464
7538
4323
2598
6070
6736
952
8866
7824
7304
949
6344
1523
228
2830
6083
785
144
5948
1188
1034
3406
8638
3919
1999
8701
6716
7078
6500
3144
941
2891
6706
3382
9399
6907
2813
5904
2839
5311
2048
8880
8317
2377
1865
5598
4419
598
6867
2235
2253
437
7186
3522
5701
970
9484
2698
2221
170
8609
5028
7543
8417
2101
8851
8363
9344
4121
2199
180
7480
6009
9488
4670
3357
266
8201
736
2401
4663
7775
1440
3239
3203
494
3837
224
6205
6670
3000
2390
1189
7676
3673
6992
7742
733
6148
4466
7286
1479
9140
6284
9110
532
8579
9173
8337
1179
7900
2425
9016
3129
9203
5243
2671
8656
3022
7519
6644
3980
4815
4644
1142
8862
2397
2104
7453
1472
830
388
4906
6410
5487
1114
6155
8418
6386
1191
8247
99
2266
6397
5759
3696
7404
151
7059
513
8124
6794
6626
149
9077
4772
2494
1599
2459
9783
4492
9714
4924
9056
9450
4991
5064
2902
3894
9318
9608
6823
6326
6050
2359
2840
6322
9052
2372
1480
3784
9836
450
6348
5299
9877
1820
6879
3541
8330
735
7447
3083
3925
7876
4165
4870
4300
1988
7721
5209
5685
3682
4702
8073
5544
4228
7068
2516
3792
4501
8483
8227
3483
2713
4407
4061
7084
9303
9565
5452
4901
2087
7287
8955
9220
3948
1683
380
3254
1541
7188
2833
2285
5166
5185
7934
3057
2610
4002
2682
5073
1933
5530
1356
4388
1739
8973
696
2568
5699
6067
2822
7328
715
7530
2992
4459
5158
1009
42
5805
4391
3737
3567
3233
1723
6648
6114
7263
5905
743
9650
4733
2005
4359
3715
8519
1385
8495
2937
1120
5802
9816
7914
3027
5983
5864
6552
5023
5833
5711
5472
7634
7245
4006
9579
1317
9738
1938
4142
3859
3917
3670
1967
3012
2244
5135
1698
418
4723
6134
7504
4680
2582
3035
193
7730
7540
4220
7597
1506
5669
3934
6478
3481
3340
8988
2002
5336
6336
1045
3342
6072
1645
3348
7403
273
2261
747
7323
5690
4199
3236
69
3500
6211
3666
7033
6417
7811
5280
3540
4549
9415
1321
8993
4876
8092
8168
6746
9423
1727
7310
1063
3439
6293
5065
3204
1777
1704
3014
5197
6352
8811
2186
5820
7344
4996
8674
8365
5404
9302
6431
7301
7260
1710
3477
7510
2616
7714
2904
9721
4281
9619
21
9361
1402
7549
9571
3635
6084
4431
827
668
6225
6862
3432
9976
4042
6861
7475
6380
7556
7442
6271
2767
750
4470
8442
4483
9718
7242
4658
6180
8396
543
9377
5735
4618
9433
9180
9992
1449
2776
4149
9545
2473
448
5038
6438
87
7895
8315
1913
6849
1829
5333
3710
2041
4572
7734
5260
7109
4936
2259
5643
6817
7090
3657
6363
6287
7521
1368
5887
4903
3926
459
1159
4740
1019
4095
9036
132
4189
6787
2581
6065
1071
554
3189
7064
7377
9218
4655
1832
4517
7996
7469
2624
7957
9352
7886
4840
7851
9878
2915
8212
8462
238
6228
3966
2299
7427
8036
8382
9116
3121
2433
2596
8823
2831
8494
4342
7906
9594
7200
5468
8809
4875
7717
8248
5791
3678
4931
8956
8576
9814
5445
8207
9115
6020
9372
5034
3480
3315
9966
8064
77
1439
2905
2837
3163
5294
5119
4132
4929
6701
7719
2541
9014
8658
1495
1020
5504
1161
4004
3222
269
9629
8557
4117
5647
3011
3986
9689
1772
2121
1324
5942
8245
4108
9132
221
4891
6124
3256
5320
9567
1351
1320
7787
5458
7536
2804
9792
4088
5068
85
3411
6345
9381
7213
8522
1389
6544
7324
7162
5860
2165
6182
4873
835
8547
2317
6774
5801
7145
3331
1313
8902
7639
5437
4148
2490
9805
3944
1223
5212
862
2283
7158
2843
1659
5106
2096
5890
4623
5373
1128
4987
3109
1463
4475
6800
3005
6899
6435
1876
4705
6301
7675
2163
2076
6759
4462
6764
1797
7431
6920
9867
6842
6661
3785
7371
1011
8116
6163
3066
4312
972
2963
2926
9454
9904
105
9508
9061
5351
9030
5957
3080
7336
768
3472
2241
5566
6784
9989
4455
7390
8972
4283
8799
7183
3252
1586
5921
8030
5564
6724
8968
2984
4937
2584
1738
9707
6681
2098
169
1663
5678
304
636
5714
3139
2075
9385
5533
3301
9470
2689
2874
4787
3199
9340
3688
6446
1948
2487
828
3725
476
9788
6858
7865
6930
516
3877
5765
6789
1234
3434
4290
8917
7067
1856
2207
1271
3230
8163
9479
8663
7429
689
136
7262
2834
2141
7128
8299
3420
3655
3721
5465
6079
5186
3021
6705
1290
3374
1706
2559
906
5642
5478
1137
5114
9244
6262
969
1255
8905
8785
8808
5497
6658
6754
76
719
6371
8979
4754
9822
3940
2954
7358
8181
4575
4030
8339
8377
165
6762
3424
9522
5195
3196
4942
9886
3076
6482
2501
7031
6123
5523
1108
7284
9080
6242
9419
9185
8829
1171
2047
2518
9357
8537
8697
3608
2240
1564
5235
4060
3699
5720
4816
6964
7191
8270
5441
8597
6213
7468
588
6703
3092
1006
9456
4417
6751
6967
8569
2423
9538
8601
3032
5641
2078
7339
1976
3288
3756
2495
800
4299
7694
5928
3253
9515
3983
8211
7763
4334
6534
7445
7434
5555
1265
1494
4126
4833
537
4633
3346
882
4569
4128
6217
7215
724
1925
5224
1340
2188
4941
8236
944
6999
4589
663
5162
734
4813
3586
3306
1266
9735
3535
2612
260
6187
6517
2692
7689
9547
8983
2418
6561
2857
5749
138
8369
354
2239
2608
8957
8589
4970
8927
4031
7265
7065
4600
5196
104
8497
5356
2543
791
3642
6741
4499
5447
5248
4478
2918
9614
1204
875
9165
7970
9596
4160
7187
1460
5120
8374
2718
4426
612
1276
2142
3544
1817
2884
8606
7277
9487
3999
3173
4012
1549
2950
9226
1796
7133
2638
3863
6481
20
4851
776
6689
9440
8963
3513
1364
2774
4476
2780
8144
8898
1601
3152
1783
8528
8295
7933
9402
563
4923
4020
474
3098
6510
5709
3558
7003
777
6149
4445
2853
1430
5350
7735
8613
4682
8286
6649
9621
7791
466
7224
424
3794
9270
5766
957
6928
8467
3311
7479
5256
3106
4078
8200
7641
1484
7712
1784
8748
9457
6014
6480
1328
1235
192
2469
2998
3402
4912
4518
9461
3205
2903
2878
2491
11
5215
6671
9815
2597
4868
3922
8072
1838
9697
6116
1711
2862
1406
809
9848
7896
4345
1678
2677
9680
1102
7915
8324
2589
2736
4248
6259
4722
4751
1960
6135
9931
1398
9556
3449
6548
8328
7831
5724
6126
8599
9869
3638
9573
1757
3431
5718
5850
2544
4883
4408
6305
8798
1116
84
1658
3165
1336
4986
290
1115
3251
172
767
5644
3767
3180
3479
2325
918
8080
9215
640
1483
9732
7832
6002
9444
5623
5552
6133
9725
7127
8987
1245
5845
286
842
4068
6257
3161
6788
8825
7562
1525
591
2773
9956
4564
9177
8435
8837
1237
3828
528
2946
3647
6010
5683
8584
6015
498
9776
2054
6600
5665
5042
3330
8934
6040
4900
504
2528
4212
4102
9460
3840
7760
4500
236
9780
7038
7814
361
4590
9968
3384
6839
3527
6117
3724
9021
1292
1178
9844
1787
7346
1733
4416
1192
306
2361
9588
5322
9212
5744
9018
5198
2953
377
3841
6798
3630
8249
3920
7498
764
3447
2960
5020
9234
5849
2586
3942
1977
2329
241
4540
9893
5246
7372
8833
5529
1617
9973
3542
3247
8015
9107
7523
4872
1652
6572
3765
5656
8176
9530
9760
8225
4837
7645
2458
2192
2203
8550
5414
5271
4008
1347
5274
3625
7066
1058
3421
3820
8562
1780
7354
6532
5388
8876
8989
5269
9200
5502
9304
7789
2951
310
4660
3478
4504
1842
6283
8463
5980
5945
4599
8689
4420
2875
6597
4341
8479
8612
2564
2606
1477
1619
4440
1616
5750
551
4139
9478
1107
3327
2287
7106
4491
2993
3639
6947
7034
1509
4765
5787
7706
8780
2464
3221
384
8705
2647
8513
1990
3393
5247
967
9476
499
7615
2237
6702
5959
5289
2807
8884
3581
8749
5371
6571
763
7765
6846
3570
9069
5253
8951
1535
4322
9241
9975
6098
1461
9939
9193
2881
6463
9829
9586
1877
9863
966
627
1173
7658
2166
9449
7552
70
2243
2289
4076
9253
5357
7380
4963
6904
3680
915
1790
946
2973
8505
4952
3049
5659
4164
1897
1283
7612
8043
4438
7754
1220
9733
6776
4182
1037
6725
6959
2151
4934
6253
3876
5218
4532
5542
7856
2475
4214
5276
1745
1634
3619
2952
9997
5379
5819
7710
2039
5575
6610
752
5599
3281
6612
8100
4842
6682
8070
3244
8520
834
980
3084
6620
9749
4935
8448
8314
5251
3320
2889
1077
2974
5767
3511
5807
5882
692
1027
5424
5225
6935
4610
1194
4284
372
4783
4547
7576
237
2031
7114
6044
4480
7292
9889
1915
4174
7816
9125
3543
80
9821
6368
8622
4879
6943
5151
6797
3086
2415
4899
484
4650
3591
7952
945
9778
4664
8395
7699
7869
1278
5773
8754
4643
6948
428
7950
987
7890
3235
7036
1349
8078
5536
5715
3297
135
3817
9800
8818
2809
4065
2557
7751
2513
281
6914
880
8980
5127
5667
6016
9343
1466
8800
3656
9462
8407
6514
8024
9273
7389
6451
5517
5032
4106
9353
3995
9742
8271
2849
1570
7481
2906
2224
6568
9089
2344
9196
3862
5270
8269
4726
9761
395
1455
6028
4626
4161
2402
3551
246
907
1104
7061
8239
1458
4736
4229
1712
1123
3409
9002
1901
1985
5843
3579
184
4679
8127
8333
6855
8826
8058
6131
702
7955
309
2297
584
3610
3364
2225
4037
4305
742
9661
6694
5031
209
4525
1660
7949
8751
2020
108
3463
4362
5551
4084
1029
9996
7637
2888
3105
9199
4261
9818
2314
55
614
3380
8595
2060
295
3594
9437
7428
2755
2674
7986
669
2625
1198
9944
9053
5931
2128
943
4943
1353
314
6979
5335
1212
2527
2947
5858
3985
8059
3913
9282
4103
4790
4414
8752
1702
5063
9034
5979
8153
305
9213
2288
8990
6034
2262
722
2797
3075
3494
802
4430
8922
9622
5282
4949
7293
3097
475
694
950
6489
501
6617
854
7940
6464
3989
3521
6196
9847
3798
1226
7966
9888
9842
8085
5848
1575
7455
8878
2826
2279
8846
9516
5173
4802
1140
3960
9236
480
7016
8641
6440
5040
2374
8062
1133
5425
2367
9730
7460
9945
6876
9978
8021
4964
7899
6323
4720
1478
9380
9546
5639
1920
3277
6657
2319
8016
4909
3661
8336
2277
9683
4704
6372
7168
4038
4098
1505
1273
9029
3179
5776
398
3871
422
4380
6145
1263
2386
5571
2500
506
4796
9981
4514
4627
280
3064
6594
7709
5792
7411
730
9552
4747
9746
2376
4531
5712
4961
9935
3053
349
9123
9953
8180
7176
4629
1522
3736
8615
1792
5903
1074
1279
9876
863
8364
219
7985
5955
4123
62
6190
5885
5239
8694
9985
919
6633
5790
2256
159
4243
4086
7408
1369
2291
9277
2941
2189
9670
6883
9921
8056
1610
6820
8621
8348
6623
3933
1627
9906
26
8703
6772
7962
7544
2481
7402
4326
8130
3089
8707
6712
4467
6906
9734
4253
7093
2550
4744
7572
8750
6456
8899
4369
2466
1682
9039
359
2506
531
351
2003
2824
3572
3768
7401
3964
5362
4967
8485
9685
5622
4706
5033
7089
6239
1869
7175
9351
8900
5231
9728
6366
5469
5664
9269
2642
4096
3628
3456
4293
8046
3555
9769
3566
5370
6418
1776
2082
2346
4315
6024
8084
2132
732
8049
5449
620
9465
4201
5176
3697
7853
8753
4361
497
423
7382
7507
748
8945
7027
3961
1342
7223
4689
773
8605
2777
4826
8757
6831
7607
5342
7096
4566
9693
4409
5847
8366
4853
2799
8482
24
3366
5991
8842
7462
4995
9875
6475
2343
7077
9677
367
406
3582
9156
9831
4023
6632
3845
4797
5344
3916
7201
5913
2895
8731
4676
1275
7727
1016
9413
4035
5495
4567
1860
9722
6508
7011
5815
877
659
5329
8224
7470
2252
9883
9025
1775
3296
1163
4620
9175
8216
1808
6082
4824
9354
1569
2912
3981
911
8984
48
1887
3338
5692
9794
9612
9926
4880
9184
2519
3982
2476
1537
924
6026
3880
8378
3181
6075
6995
3140
4336
2347
8415
8885
9058
3156
1567
6036
8982
3799
1689
2136
29
4490
7848
3739
2460
9247
5876
7938
5634
5696
5283
2971
7058
8444
7820
8921
7635
1968
1136
8998
4127
4877
635
2817
1409
6969
2700
4502
9210
2949
6684
936
7643
4170
3813
9791
198
6006
5233
4050
9983
6962
5363
7099
7178
2505
6955
196
2593
7340
754
7794
7769
5716
992
1202
2197
3654
1919
9467
850
134
2341
5775
5348
931
1734
5574
4268
9566
9620
9561
4577
7217
6932
2560
8285
8210
4080
3379
1955
3730
8949
3234
74
7703
5439
2546
4636
6288
7963
1720
7153
2539
1026
5436
9884
6791
1905
5188
6407
524
6523
5312
4451
1600
3618
3578
6146
2006
2747
4659
1229
7653
9183
3096
2177
6455
1579
2710
284
8441
1254
7123
2567
2488
9802
4043
6422
7697
3403
9272
5626
8083
4725
6988
30
9527
4845
546
449
6687
9977
5036
8097
3993
3560
3215
8726
2091
8541
5880
2643
4957
3208
3345
4981
6316
67
6245
1574
7812
6696
7722
3445
3088
174
3008
5499
2609
6186
1605
4421
7373
7979
731
2176
6470
3304
7991
3533
593
3713
6667
2758
6695
7569
7575
5577
263
2705
5381
666
3265
2238
5296
2035
8406
3325
8472
39
38
5606
5397
5884
4279
8778
1094
8386
5615
4537
9853
8040
4245
5486
6770
5513
5067
4971
1424
18
5892
3461
7822
9642
560
3886
2759
7115
3495
2371
716
177
4181
3166
9587
123
5008
7138
5925
1170
8645
1354
7828
7620
9923
7097
63
86
3808
8502
5809
2393
1048
1138
1281
3216
985
7477
8294
8535
2820
2
8436
9181
4752
9601
2409
603
4690
4460
2281
2204
2493
3269
6562
4551
5089
9740
2676
3537
5908
1852
2563
2896
7042
3240
2484
1946
7827
8283
402
6445
9436
5873
2956
564
3135
6731
6991
1614
6490
5193
6873
6361
8431
9317
1765
2125
6647
1563
3451
6469
5654
2566
9987
5479
1572
9360
8529
5614
7729
4113
2059
6092
4588
8766
3101
8911
2986
548
8854
381
8493
3194
4308
1906
3435
3343
8909
6476
2442
391
6405
9638
9321
4692
2246
439
7107
2210
5053
3515
7638
2995
7430
1939
4552
2182
1047
5268
9723
8010
845
6845
3055
161
3399
1393
7231
6575
6439
6785
2315
9954
9914
6825
8546
9202
794
7740
806
2146
3164
4049
6243
5461
6159
1635
3711
2169
6379
1807
8075
2316
5657
3154
7692
7409
9463
37
8667
197
1805
3814
8047
7784
1078
3467
9113
3869
5316
726
9435
4944
4897
7345
5022
3722
1791
1582
9912
5359
583
866
4666
780
1907
7852
8261
6468
8253
621
4830
3132
9784
2869
609
7018
555
2457
7299
5868
5772
3883
1740
8648
3442
5085
8254
7879
3683
2032
2083
7150
1666
8319
2360
1989
8257
5943
9499
7903
7630
5401
6333
3167
9789
9258
9316
5387
3303
6080
9299
9959
3108
9439
9605
6669
8855
4379
2113
7783
1993
2844
8006
6108
9275
8464
4152
6055
4442
8300
673
397
701
5624
8790
3450
6773
9301
9825
3148
8400
163
390
9928
352
2213
462
7884
1903
8411
7595
1315
9455
4579
1132
4730
6722
2122
207
451
6324
815
2732
1595
5286
4716
4895
1558
9297
633
9362
127
191
507
8521
43
3077
8906
8986
4916
2251
1183
3081
2436
9705
7928
2077
5707
9243
6792
6878
3672
589
4081
156
3211
6881
5115
6298
9325
4709
8617
6229
619
2053
486
3801
3474
6241
31
9081
23
9777
1573
3716
6223
1534
9198
3622
1334
4433
534
1675
278
6808
9576
5054
8544
7744
6505
1705
3438
3923
9474
5265
8801
5100
8860
7683
6501
762
6013
1149
6688
2322
4373
2701
8688
9131
9905
7181
2634
9006
3565
467
6343
3770
2687
9434
5695
6306
1453
6941
7988
6426
5021
7405
9517
8161
7656
4406
974
3658
2472
4857
2112
6007
4216
2456
6580
2364
5522
3095
2762
8028
2223
6699
6168
3574
2771
8932
817
8123
8831
9695
535
5630
5516
4051
4052
961
9087
728
2145
4526
4841
8373
3662
2917
7560
8081
9691
6665
708
7035
1127
28
1932
3921
6663
8769
8820
7961
8603
3453
4894
1228
6989
8561
8629
9418
7303
3563
1553
4950
3987
9356
2392
1980
1531
6235
926
2011
4395
2785
40
8789
8747
1352
6120
8371
1082
6503
3826
1215
2678
7921
717
1900
4878
5494
4681
3365
6990
3410
8598
9771
6250
7840
1246
6249
2308
7606
5896
7666
2373
2148
3865
9679
495
478
4850
9026
8453
7644
6199
4538
6227
810
3465
7910
3805
4358
3177
9280
4527
9584
2357
9383
3476
1701
7564
8582
8896
7037
7732
8724
5932
6043
5506
6136
7939
7273
6997
8405
6094
3997
6536
8233
9017
8538
9134
9251
6892
8981
3548
7073
3068
4888
9572
9974
8632
4596
5037
5157
1823
2398
2801
2000
7258
2823
2696
4222
5906
5859
5355
3143
430
5893
6802
1086
3663
2651
4839
5834
2040
8375
2542
8434
2496
2231
6042
4209
8312
4029
4273
6005
5973
6729
7164
965
852
333
4301
4574
6916
3874
5947
5252
323
4474
1259
5207
3110
3732
1456
6922
9549
6936
2497
1284
8357
2175
601
4792
7532
9355
6852
7993
5770
9313
490
9417
1139
2037
1703
5901
9896
5686
1547
714
6653
679
4898
7313
4034
6347
8559
3090
7578
5043
3174
9855
1561
2575
9756
604
5746
2024
7684
4665
8242
2691
8610
2387
3400
2138
5123
4678
3924
9046
83
6851
529
3028
930
2272
9645
4178
8183
6761
5204
6017
9862
3123
2877
1804
8845
606
1517
1657
7655
6985
6238
5611
9410
3593
3972
5016
2644
58
7080
8190
3329
3994
8810
7555
6986
6060
5993
8037
5077
345
5145
6251
7792
6929
4355
3854
4735
6342
4203
4094
9008
618
2907
2661
2444
9194
8669
8910
2429
5865
7618
7584
8844
5635
7091
3827
2702
6768
4625
8228
7902
786
1282
409
1486
4768
4167
5438
4773
3800
1295
2957
5862
5937
8781
3010
2355
7772
3246
2455
253
9898
4781
1059
2498
7935
6000
8226
6315
6063
1697
1773
7352
9466
3823
6570
1382
6374
4402
231
117
5451
5288
2865
4055
3209
7773
2533
7110
3778
2796
1557
1809
2659
5383
2026
7249
2745
7514
3607
5453
7450
2999
6591
125
9687
7893
3417
4925
4641
7622
7399
208
9067
7376
9158
1950
5826
8136
739
7028
4131
8560
818
3001
4770
2655
9397
3975
3408
912
9094
9179
1849
9891
3714
6273
8602
8052
5703
5526
602
4829
9925
4724
1597
329
7166
4683
6099
2526
8619
8413
9852
2292
9075
691
2695
5589
3562
289
7916
3350
6041
8729
6815
8461
3892
3556
611
3819
4563
8690
5039
3
2448
2480
4570
3973
9757
1830
3286
7671
542
4275
2970
3538
8045
7633
8005
4186
4862
9438
1143
6144
6494
3910
7255
6587
1857
616
4998
4354
3727
2517
1268
4801
6153
9260
8189
6141
7877
7216
6938
995
8469
8313
109
8903
4561
1511
6619
27
7845
3990
5189
3626
3687
4441
6579
3659
9861
829
4584
4396
5992
4759
2215
5559
6826
9653
344
468
8113
6655
3210
5818
7821
4311
1778
7454
7496
5081
270
4542
7047
2694
8220
9074
5015
5339
3677
5191
9630
6052
3946
8684
899
6018
8068
1827
1795
526
1375
8534
7838
3623
2838
1843
4473
6546
2504
124
1277
6827
3284
3224
3178
6902
1529
1942
9373
1781
2278
8362
3615
7817
299
5382
878
1844
3091
7275
783
2453
2681
6122
7272
2063
2890
5358
2530
2520
7771
4861
2909
596
9644
8422
4594
6555
8304
3250
6264
8893
9590
6834
7680
9625
3838
3171
2538
8255
4977
4863
5242
8320
211
9762
1813
5141
5844
4835
9288
816
1122
2016
216
8618
6137
1092
685
2863
7483
1664
7601
7347
2378
2859
9035
5399
6403
1728
6351
2358
7547
3085
6801
8907
2479
4516
7965
9048
4762
1975
2339
9972
8022
441
7436
4045
5584
8338
8975
592
7752
2301
5704
6614
4785
9657
3938
9753
5323
1625
9659
2416
6993
7823
2623
8012
1716
4122
4914
215
870
4196
5273
4737
6299
3743
7882
1583
792
6613
1405
7098
4107
2007
5768
9097
6
2380
7009
1007
8578
5783
3788
585
6056
977
4472
5484
9118
3313
1172
131
864
8492
9170
7023
8895
5583
698
2737
5272
1653
7829
9283
5291
7343
7497
7790
1243
5618
8054
6178
3592
8784
2515
6035
5444
8734
7271
1979
2352
4172
1726
1300
8164
8843
1150
2152
5153
8276
9448
114
5895
5956
7308
6176
5811
3182
813
5891
7796
297
8915
5200
4919
1043
1264
2866
7912
12
3752
4166
9155
1291
4282
1806
5960
5632
1051
6089
5041
9534
3568
4184
4285
1404
7140
7171
7557
1910
366
9326
5507
2654
1211
5096
580
8086
185
6003
8459
6987
4270
1434
1577
3412
1755
9963
865
9911
871
4904
3102
641
1618
6958
3505
902
3539
523
8841
6919
559
4858
1101
9903
3016
7669
4191
3905
4366
2384
8421
5443
5047
9694
2447
1428
8311
3175
700
9739
9672
5473
4317
6185
6951
4511
454
5240
2545
6434
8101
5760
4418
8991
6529
5842
2741
895
3633
434
2772
5812
7920
2118
1403
3719
5318
2552
2816
1169
2944
6487
4657
2683
5558
1677
9958
9684
5163
808
6400
3242
5489
4608
1072
3866
3809
4746
1294
3459
2565
639
232
1066
5279
4560
4576
5610
3044
5501
9088
3486
4955
455
4422
6402
7978
4357
4156
9133
9758
405
5018
9873
3564
6081
3751
5717
4157
5261
1061
4486
8670
5883
9257
1978
250
5996
9656
7117
3038
8691
1490
9779
9453
9726
9813
1184
868
566
2008
565
3706
6399
1872
1040
1332
8470
2018
369
162
8198
1982
9057
5409
821
7444
5372
8367
8997
8869
4202
8267
3968
7024
7999
9706
7305
8310
5894
6824
3473
4859
7892
8923
8901
1834
3902
7045
9636
1655
6595
2180
47
9411
6950
1622
3041
4948
922
9169
3107
4292
8604
5909
6713
7290
2310
1373
4568
255
2760
142
4606
3295
927
6598
4371
1633
3804
3771
9961
60
4651
8478
9050
1417
801
5107
2135
5774
240
5069
2958
5924
1441
999
737
7365
7520
3302
90
1289
9950
1346
9606
2669
6391
8355
6894
432
909
1314
5527
8027
301
4457
2208
4974
2338
8071
5743
8625
6691
6393
4090
4674
9662
1247
6179
3614
279
2379
9512
8291
5528
3519
5203
7318
4755
4215
9736
2752
2650
1363
998
7539
1288
1559
7413
9765
5390
9681
6472
1496
617
4162
4155
7603
2214
1886
6530
1270
3585
8265
7855
5944
4819
2368
9382
8607
5970
8723
1696
6692
7813
8471
4585
6420
3534
2590
6818
9720
9071
9157
8616
2157
194
5938
8352
9314
5057
5301
8600
8139
1129
3793
7054
3469
9086
5315
629
1556
1799
6068
934
8266
8797
2196
9276
4814
2672
4756
3769
7715
154
4235
7932
9407
3503
9428
5177
7707
7425
340
6139
3729
891
594
7918
8041
6204
6668
4397
6497
5111
5725
4097
4375
5369
3700
7533
8504
3525
5456
5298
6870
7360
3146
2943
129
2245
2492
7102
8970
201
6194
3631
1465
8563
442
9865
7737
8792
5727
9532
8050
7381
3491
